$ 1 0.000005 114.32915054483153 50 5 43 5e-11
r 752 192 800 192 0 100
w 848 176 848 80 0
w 848 80 544 80 0
w 368 80 368 144 0
v 976 112 976 80 0 0 40 5 0 0 0.5
g 976 112 976 128 0 0
415 848 336 848 288 0 0.5 1 0.15 0.15 0.02 0.05 1 0
g 848 336 848 352 0 0
r 848 224 848 272 0 100
w 848 208 848 224 0
w 848 272 848 288 0
w 848 336 896 336 0
p 896 208 896 336 1 0 0
r 800 224 800 288 0 10000
w 800 224 800 192 0
w 800 288 800 336 0
w 800 336 848 336 0
162 1312 160 1248 160 2 default-led 1 0 0 0.01
162 1312 208 1248 208 2 default-led 0 1 0 0.01
g 1248 224 1248 240 0 0
r 1296 80 1360 80 0 100
r 1296 48 1360 48 0 100
w 896 208 848 208 0
160 736 208 672 208 0 20 10000000000
w 656 192 672 192 0
174 368 144 368 224 1 200000 0.5 Resistance
w 368 240 368 336 0
w 656 336 544 336 0
p 544 208 544 336 1 0 0
w 544 208 560 208 0
w 432 336 544 336 0
401 464 208 544 208 1 8\s15\s-15\s1000000\s2.1396998296609544\s2.1396998296609544\s100000 0\s20\s10000000000 1\s0
w 432 80 368 80 0
r 544 80 544 144 0 100000
r 432 240 432 304 0 100000
w 432 336 432 304 0
w 432 224 432 192 0
w 432 224 464 224 0
w 368 336 432 336 0
w 544 80 432 80 0
a 560 192 656 192 8 15 -15 1000000 4.279314072612524 4.27935686575325 100000
w 656 192 656 144 0
w 656 144 560 144 0
w 560 176 560 144 0
r 432 80 432 192 0 100000
p 656 192 656 336 1 0 0
w 656 336 800 336 0
x 83 170 255 173 4 14 Place\snail\scircuit\son\stop.\s
w 544 144 544 208 0
s 928 -48 976 -48 0 0 false
w 976 80 1008 80 0
w 1008 80 1296 80 0
w 1296 48 1296 80 0
s 1424 48 1488 48 0 1 false
s 1424 80 1488 80 0 0 false
w 1504 48 1504 176 0
w 1504 176 1504 208 0
x 1318 -33 1557 -30 4 14 Resistors\sand\sLED\sfor\swater\slevels
w 752 192 752 208 0
w 736 208 752 208 0
w 976 112 640 112 0
w 640 112 640 224 0
w 640 224 672 224 0
w 896 208 1024 208 0
w 1120 208 1120 48 0
w 1120 48 704 48 0
w 704 48 704 224 0
422 1024 208 1120 208 0 1 2.5 5
p 1120 208 1120 336 1 0 0
w 896 336 1120 336 0
x 40 200 319 203 4 14 High\sR\s\q>\sSmall\sVoltage\sto\sComp\s\q>\s0
x 396 406 621 409 4 14 Out\s0\sfrom\scomp\s\q>\sPNP\sactive
x 771 420 963 423 4 14 PNP\sactive\s\q>\smotor\sruns.\s
x 998 385 1414 388 4 14 Motor\sruns\s\q>\sdelay\sbuffer\sdelay\spositive\ssignal\sX\sseconds
x 354 4 705 7 4 14 After\sX\sseconds.\sSwitches\sPNP\sbase\sOFF\s(to\sHIGH)
x 357 23 828 26 4 14 Switch\sholds\swhile\shigh.\sImportant\sthat\sLOW\sswitch\s\q\scomp\soutput
x 907 -166 1324 -163 4 14 Photodiode\scontrols\svoltage\ssupply\sto\sleft\sside\s(light\sor\snot)
423 954 -156 941 -74 0
423 685 170 624 44 0
423 248 171 347 205 0
423 500 238 471 384 0
423 815 347 802 397 0
423 1072 237 1107 367 0
423 1403 -28 1390 22 0
b 1418 15 1686 121 0
x 1691 70 1767 73 4 14 Water\stank
154 1488 160 1376 160 0 2 5 5
w 1488 48 1504 48 0
w 1424 48 1360 48 0
w 1424 80 1360 80 0
w 1488 80 1488 144 0
w 1488 176 1504 176 0
r 1312 160 1376 160 0 100
r 1312 208 1376 208 0 100
w 1376 208 1504 208 0
w 1248 160 1248 208 0
w 1248 208 1248 224 0
x 1514 142 1788 145 4 14 If\sBOTH\sLINES\s\q>\sGREEN\sON,\sRED\sOFF
x 1515 169 1796 172 4 14 If\sONLY\sLOWER\s\q>\sGREEN\sOFF,\sRED\sON
x 1514 200 1730 203 4 14 If\sONLY\sUPPER\s\q>\snot\spossible
x 1513 227 1658 230 4 14 If\sNONE\s\q>\sNo\sLight
t 800 192 848 192 0 1 -0.09137974008434924 0.6869233307308389 100 default
w 432 240 432 224 0
w 384 192 464 192 0
t 880 -48 848 -48 0 1 -0.03390202898955774 0.6866983116885343 100 default
r 880 -48 928 -48 0 100
w 976 80 976 -48 0
w 976 -48 976 -96 0
w 976 -96 848 -96 0
w 848 -96 848 -64 0
w 848 -32 848 80 0
o 12 64 0 4098 5 0.1 0 1
